<?xml version="1.0" encoding="UTF-8" standalone="no"?>
<!-- Created with Inkscape (http://www.inkscape.org/) -->

<svg
   version="1.1"
   id="svg764"
   width="42.927635"
   height="33.994652"
   xmlns:inkscape="http://www.inkscape.org/namespaces/inkscape"
   xmlns:sodipodi="http://sodipodi.sourceforge.net/DTD/sodipodi-0.dtd"
   xmlns="http://www.w3.org/2000/svg"
   xmlns:svg="http://www.w3.org/2000/svg">
  <defs
     id="defs768">
    <inkscape:path-effect
       effect="simplify"
       id="path-effect612"
       is_visible="true"
       lpeversion="1"
       steps="1"
       threshold="0.011959866"
       smooth_angles="0"
       helper_size="0"
       simplify_individual_paths="false"
       simplify_just_coalesce="false"
       step="1" />
    <inkscape:path-effect
       effect="powerstroke"
       id="path-effect614"
       is_visible="true"
       lpeversion="1"
       offset_points="1.6615505,0.10083426"
       not_jump="true"
       sort_points="true"
       interpolator_type="CentripetalCatmullRom"
       interpolator_beta="0.75"
       start_linecap_type="round"
       linejoin_type="spiro"
       miter_limit="4"
       scale_width="1"
       end_linecap_type="round" />
  </defs>
  <sodipodi:namedview
     id="namedview766"
     pagecolor="#ffffff"
     bordercolor="#666666"
     borderopacity="1.0"
     inkscape:pageshadow="2"
     inkscape:pageopacity="0.0"
     inkscape:pagecheckerboard="0" />
  <inkscape:clipboard
     style="font-variation-settings:normal;opacity:1;vector-effect:none;fill:#ff0000;fill-opacity:1;stroke:none;stroke-width:3.77952756px;stroke-linecap:butt;stroke-linejoin:miter;stroke-miterlimit:4;stroke-dasharray:none;stroke-dashoffset:0;stroke-opacity:1;-inkscape-stroke:none;stop-color:#000000;stop-opacity:1"
     inkscape:path-effect="#path-effect612;#path-effect614"
     min="505.96504,339.63243"
     max="548.89483,373.62713"
     geom-min="505.96504,339.63243"
     geom-max="548.89483,373.62713" />
  <g
     id="g772"
     transform="matrix(3.7795276,0,0,3.7795276,-505.96768,-339.63242)">
    <path
       d="m 133.892,92.110292 c 0.26392,0.33008 0.94493,1.196422 1.60827,1.864109 0.50335,0.506652 1.15649,1.074765 1.96734,1.490083 0.10068,0.06206 0.21147,0.111483 0.32491,0.1442 0.10953,0.03159 0.22053,0.04731 0.33194,0.04764 0.21353,6.44e-4 0.42407,-0.05524 0.62281,-0.157018 0.12293,-0.06295 0.24068,-0.143141 0.35085,-0.237248 0.0575,-0.04914 0.11446,-0.10334 0.17001,-0.162595 0.13987,-0.149205 0.2713,-0.331063 0.37511,-0.536889 0.14123,-0.213713 0.23369,-0.447874 0.28278,-0.704301 0.0453,-0.236612 0.0523,-0.484184 0.0332,-0.74428 -0.0179,-0.243676 -0.0577,-0.489348 -0.10559,-0.742459 -0.045,-0.237786 -0.0962,-0.47705 -0.13591,-0.710192 -0.0443,-0.181001 -0.1009,-0.398041 -0.17691,-0.617166 -0.0733,-0.211407 -0.16781,-0.434092 -0.29143,-0.627891 -0.0606,-0.09503 -0.12917,-0.184581 -0.20694,-0.262939 -0.0768,-0.07741 -0.16317,-0.144442 -0.26049,-0.194847 -0.0964,-0.0499 -0.20261,-0.083 -0.31918,-0.09368 -0.11513,-0.01055 -0.23836,9.52e-4 -0.36998,0.03777 -0.11727,0.03095 -0.22318,0.07742 -0.31601,0.137079 -0.092,0.05909 -0.17021,0.130572 -0.23485,0.21165 -0.12746,0.159887 -0.20006,0.355058 -0.2231,0.559715 -0.0227,0.201547 0.002,0.413754 0.07,0.613728 0.0661,0.195247 0.17371,0.380696 0.31957,0.532497 0.28337,0.401279 0.66219,0.743381 1.10065,0.969829 0.21932,0.113267 0.45337,0.197474 0.69722,0.245375 0.24216,0.04757 0.49338,0.05921 0.74859,0.02833 0.33712,-0.003 0.67414,-0.03671 1.00717,-0.07866 0.33725,-0.04248 0.67182,-0.09348 1.0023,-0.131436 0.33396,-0.03835 0.66156,-0.06325 0.98563,-0.05484 0.32732,0.0085 0.64801,0.05093 0.96369,0.146132 0.0935,0.03863 0.18113,0.09065 0.25646,0.150516 0.076,0.06036 0.14021,0.129345 0.19475,0.205174 0.11073,0.153956 0.18253,0.337774 0.22882,0.536912 0.0472,0.203255 0.0676,0.421238 0.076,0.635833 0.008,0.216813 0.005,0.43475 0.004,0.629011 -0.0261,0.239996 -0.0229,0.479715 -0.0108,0.709562 0.0127,0.241905 0.0352,0.477209 0.0496,0.703951 0.0152,0.239432 0.0212,0.463564 0.004,0.682237 -0.0181,0.230257 -0.0615,0.445434 -0.14129,0.650853 -0.0665,0.140321 -0.15737,0.265547 -0.24707,0.369277 -0.11564,0.133723 -0.24168,0.245335 -0.33342,0.321955 a 0.10083426,0.10083426 90 0 0 0.12928,0.154782 c 0.0953,-0.07958 0.23074,-0.199186 0.35669,-0.344824 0.0978,-0.113112 0.2004,-0.25362 0.27971,-0.421659 0.091,-0.233714 0.13781,-0.468759 0.15715,-0.71457 0.0183,-0.232539 0.0116,-0.467546 -0.004,-0.710796 -0.0146,-0.230958 -0.0371,-0.465765 -0.0495,-0.701808 -0.0119,-0.226708 -0.0145,-0.455964 0.0105,-0.68214 3.9e-4,-0.0035 6e-4,-0.0071 6.1e-4,-0.01064 8.4e-4,-0.192003 0.005,-0.418557 -0.004,-0.643053 -0.009,-0.220898 -0.0297,-0.452859 -0.081,-0.67363 -0.0503,-0.216236 -0.13069,-0.427081 -0.26153,-0.609001 -0.0647,-0.08991 -0.14157,-0.172659 -0.233,-0.245311 -0.0907,-0.07209 -0.19503,-0.133695 -0.31473,-0.182532 -0.34522,-0.104578 -0.68426,-0.148973 -1.02566,-0.157831 -0.3374,-0.0088 -0.67545,0.01722 -1.01387,0.05609 -0.33543,0.03852 -0.67075,0.08966 -1.00449,0.1317 -0.33212,0.04183 -0.662,0.07456 -0.98932,0.07713 -0.004,3e-5 -0.008,2.83e-4 -0.0116,7.57e-4 -0.23516,0.02904 -0.46688,0.01862 -0.69079,-0.02537 -0.22392,-0.04398 -0.43998,-0.121532 -0.64356,-0.226671 -0.40971,-0.2116 -0.76611,-0.533502 -1.03275,-0.913068 -0.003,-0.0044 -0.007,-0.0085 -0.0102,-0.01235 -0.12598,-0.129486 -0.22055,-0.290551 -0.27876,-0.462414 -0.0589,-0.17386 -0.0798,-0.356306 -0.0606,-0.52648 0.0194,-0.172514 0.0796,-0.330105 0.18038,-0.456558 0.051,-0.06403 0.1129,-0.120612 0.18618,-0.167705 0.074,-0.04756 0.16032,-0.08584 0.2599,-0.112138 0.11179,-0.03126 0.21033,-0.03964 0.29867,-0.03155 0.0893,0.0082 0.1704,0.03338 0.24483,0.07193 0.0756,0.03917 0.14548,0.09272 0.2101,0.157831 0.0656,0.06608 0.12544,0.14371 0.18006,0.229332 0.11191,0.175439 0.2003,0.381933 0.27092,0.585524 0.0729,0.210207 0.12779,0.420073 0.17013,0.592094 0.0392,0.231954 0.0907,0.471912 0.13506,0.706642 0.0474,0.25046 0.0856,0.487393 0.10262,0.719732 0.0181,0.247523 0.011,0.476699 -0.0302,0.691622 -0.0448,0.233815 -0.12866,0.44429 -0.25603,0.63566 -0.002,0.0034 -0.004,0.007 -0.006,0.01071 -0.0951,0.189802 -0.21616,0.357694 -0.3447,0.49481 -0.0505,0.05387 -0.10205,0.10292 -0.15387,0.147184 -0.0993,0.08484 -0.2041,0.155938 -0.31178,0.211087 -0.17349,0.08885 -0.35295,0.135384 -0.53028,0.134849 -0.0927,-2.79e-4 -0.18506,-0.01332 -0.27667,-0.03974 -0.0949,-0.02738 -0.18915,-0.06915 -0.28213,-0.126146 -0.79111,-0.405542 -1.42708,-0.957404 -1.92293,-1.456502 -0.65394,-0.658221 -1.32732,-1.514606 -1.59384,-1.847916 a 0.10083426,0.10083426 90 0 0 -0.1575,0.125942 z"
       id="path-1"
       inkscape:path-effect="#path-effect612;#path-effect614"
       inkscape:original-d="m 133.97075,92.047321 c 0.7312,0.96966 3.62145,4.496402 4.95435,3.23755 0.43351,-0.409429 0.9332,-1.080375 0.94591,-1.714461 0.01,-0.475601 -0.30341,-4.337552 -1.89669,-3.506279 -1.46798,0.765902 0.20772,2.566231 1.12327,2.896848 1.49615,0.540276 4.40386,-0.711869 5.4981,0.236476 0.6588,0.570965 0.43748,2.057155 0.47296,2.83773 0.0586,1.290165 0.26886,1.904239 -0.70944,2.719491"
       style="fill:#ff0000;fill-rule:nonzero;stroke:none;stroke-width:1px;stroke-linecap:butt;stroke-linejoin:miter;stroke-opacity:1" />
  </g>
</svg>